  income  count
     0.0   1233
    60.0      5
   120.0     12
   180.0     12
   240.0     13
   300.0     17
   360.0     10
   420.0     14
   480.0     11
   540.0     16
   600.0     34
   660.0     38
   720.0     39
   780.0     51
   840.0     72
   900.0     96
   960.0     88
  1020.0    110
  1080.0    144
  1140.0    165
  1200.0    192
  1260.0    242
  1320.0    244
  1380.0    281
  1440.0    318
  1500.0    372
  1560.0    385
  1620.0    403
  1680.0    462
  1740.0    485
  1800.0    482
  1860.0    540
  1920.0    507
  1980.0    596
  2040.0    574
  2100.0    647
  2160.0    696
  2220.0    723
  2280.0    699
  2340.0    738
  2400.0    823
  2460.0    806
  2520.0    894
  2580.0    841
  2640.0    836
  2700.0    866
  2760.0    913
  2820.0    905
  2880.0    985
  2940.0    879
  3000.0   1066
  3060.0    906
  3120.0   1135
  3180.0   1015
  3240.0   1085
  3300.0   1095
  3360.0    990
  3420.0   1003
  3480.0   1042
  3540.0    950
  3600.0   1201
  3660.0    992
  3720.0   1120
  3780.0    996
  3840.0   1023
  3900.0   1124
  3960.0   1050
  4020.0   1028
  4080.0   1026
  4140.0    993
  4200.0   1202
  4260.0    959
  4320.0   1080
  4380.0   1066
  4440.0    960
  4500.0   1107
  4560.0    932
  4620.0    943
  4680.0    958
  4740.0    956
  4800.0   1153
  4860.0    986
  4920.0   1040
  4980.0   1062
  5040.0   1004
  5100.0   1072
  5160.0    892
  5220.0    953
  5280.0    996
  5340.0    927
  5400.0   1109
  5460.0    951
  5520.0    973
  5580.0    935
  5640.0    872
  5700.0    948
  5760.0    903
  5820.0    899
  5880.0    893
  5940.0    837
  6000.0   1078
  6060.0    870
  6120.0    892
  6180.0    812
  6240.0    818
  6300.0    923
  6360.0    818
  6420.0    726
  6480.0    786
  6540.0    757
  6600.0    964
  6660.0    740
  6720.0    746
  6780.0    762
  6840.0    765
  6900.0    898
  6960.0    698
  7020.0    760
  7080.0    669
  7140.0    588
  7200.0   1018
  7260.0    698
  7320.0    658
  7380.0    657
  7440.0    663
  7500.0    816
  7560.0    609
  7620.0    674
  7680.0    617
  7740.0    584
  7800.0    798
  7860.0    561
  7920.0    635
  7980.0    533
  8040.0    553
  8100.0    642
  8160.0    519
  8220.0    547
  8280.0    574
  8340.0    469
  8400.0    669
  8460.0    527
  8520.0    508
  8580.0    466
  8640.0    546
  8700.0    580
  8760.0    444
  8820.0    422
  8880.0    461
  8940.0    439
  9000.0    718
  9060.0    454
  9120.0    417
  9180.0    427
  9240.0    404
  9300.0    457
  9360.0    453
  9420.0    398
  9480.0    393
  9540.0    356
  9600.0    485
  9660.0    366
  9720.0    362
  9780.0    341
  9840.0    343
  9900.0    417
  9960.0    357
 10020.0    327
 10080.0    324
 10140.0    272
 10200.0    399
 10260.0    308
 10320.0    333
 10380.0    311
 10440.0    282
 10500.0    405
 10560.0    298
 10620.0    284
 10680.0    284
 10740.0    265
 10800.0    376
 10860.0    219
 10920.0    250
 10980.0    248
 11040.0    260
 11100.0    348
 11160.0    219
 11220.0    210
 11280.0    267
 11340.0    199
 11400.0    228
 11460.0    232
 11520.0    194
 11580.0    217
 11640.0    199
 11700.0    218
 11760.0    207
 11820.0    197
 11880.0    197
 11940.0    183
 12000.0    274
 12060.0    185
 12120.0    170
 12180.0    187
 12240.0    201
 12300.0    194
 12360.0    172
 12420.0    164
 12480.0    172
 12540.0    154
 12600.0    222
 12660.0    145
 12720.0    168
 12780.0    166
 12840.0    147
 12900.0    181
 12960.0    141
 13020.0    114
 13080.0    150
 13140.0    138
 13200.0    173
 13260.0    129
 13320.0    148
 13380.0    107
 13440.0    145
 13500.0    172
 13560.0    118
 13620.0    118
 13680.0    116
 13740.0    113
 13800.0    131
 13860.0    104
 13920.0    111
 13980.0    110
 14040.0    116
 14100.0    146
 14160.0    113
 14220.0    116
 14280.0    106
 14340.0     97
 14400.0    157
 14460.0     97
 14520.0     82
 14580.0     82
 14640.0     79
 14700.0    111
 14760.0     79
 14820.0     90
 14880.0     78
 14940.0    101
 15000.0    156
 15060.0     82
 15120.0     75
 15180.0     79
 15240.0     80
 15300.0     82
 15360.0     76
 15420.0     70
 15480.0     62
 15540.0     73
 15600.0     87
 15660.0     67
 15720.0     66
 15780.0     79
 15840.0     81
 15900.0     57
 15960.0     53
 16020.0     76
 16080.0     81
 16140.0     62
 16200.0     80
 16260.0     61
 16320.0     67
 16380.0     67
 16440.0     58
 16500.0     89
 16560.0     55
 16620.0     55
 16680.0     52
 16740.0     50
 16800.0     62
 16860.0     54
 16920.0     45
 16980.0     52
 17040.0     51
 17100.0     55
 17160.0     53
 17220.0     43
 17280.0     37
 17340.0     45
 17400.0     55
 17460.0     51
 17520.0     37
 17580.0     45
 17640.0     30
 17700.0     48
 17760.0     45
 17820.0     51
 17880.0     39
 17940.0     39
 18000.0     92
 18060.0     36
 18120.0     48
 18180.0     42
 18240.0     38
 18300.0     36
 18360.0     42
 18420.0     33
 18480.0     30
 18540.0     37
 18600.0     44
 18660.0     37
 18720.0     36
 18780.0     37
 18840.0     36
 18900.0     41
 18960.0     27
 19020.0     32
 19080.0     49
 19140.0     29
 19200.0     46
 19260.0     34
 19320.0     32
 19380.0     35
 19440.0     30
 19500.0     53
 19560.0     38
 19620.0     23
 19680.0     21
 19740.0     23
 19800.0     39
 19860.0     23
 19920.0     26
 19980.0     23
 20040.0     27
 20100.0     25
 20160.0     18
 20220.0     27
 20280.0     21
 20340.0     31
 20400.0     42
 20460.0     25
 20520.0     20
 20580.0     23
 20640.0     19
 20700.0     27
 20760.0     30
 20820.0     16
 20880.0     20
 20940.0     26
 21000.0     36
 21060.0     24
 21120.0     23
 21180.0     21
 21240.0     34
 21300.0     27
 21360.0     17
 21420.0     20
 21480.0     20
 21540.0     22
 21600.0     34
 21660.0     21
 21720.0     17
 21780.0     18
 21840.0     16
 21900.0     10
 21960.0     12
 22020.0     16
 22080.0     20
 22140.0     21
 22200.0     17
 22260.0     17
 22320.0     13
 22380.0     14
 22440.0     20
 22500.0     16
 22560.0     14
 22620.0     22
 22680.0     11
 22740.0     16
 22800.0     14
 22860.0     14
 22920.0     17
 22980.0     16
 23040.0     17
 23100.0     12
 23160.0      7
 23220.0     15
 23280.0      9
 23340.0     11
 23400.0     24
 23460.0     10
 23520.0     13
 23580.0     14
 23640.0      6
 23700.0     21
 23760.0     14
 23820.0      5
 23880.0     16
 23940.0      6
 24000.0     29
 24060.0     16
 24120.0     14
 24180.0      8
 24240.0      9
 24300.0     14
 24360.0      9
 24420.0      7
 24480.0      8
 24540.0     11
 24600.0     12
 24660.0      4
 24720.0     10
 24780.0     11
 24840.0     14
 24900.0     18
 24960.0     16
 25020.0      9
 25080.0     11
 25140.0     12
 25200.0     16
 25260.0      9
 25320.0     10
 25380.0      5
 25440.0      9
 25500.0     16
 25560.0     12
 25620.0     10
 25680.0      6
 25740.0      5
 25800.0     15
 25860.0      2
 25920.0     12
 25980.0     10
 26040.0      8
 26100.0     16
 26160.0      9
 26220.0      8
 26280.0     10
 26340.0      4
 26400.0      6
 26460.0      5
 26520.0     11
 26580.0     10
 26640.0      9
 26760.0      5
 26820.0      6
 26880.0      5
 26940.0      5
 27000.0     15
 27060.0      5
 27120.0      6
 27180.0      7
 27240.0      7
 27300.0      9
 27360.0      6
 27420.0      6
 27480.0     11
 27540.0      8
 27600.0      7
 27660.0      7
 27720.0     10
 27780.0     11
 27840.0      8
 27900.0      8
 27960.0      9
 28020.0      5
 28080.0      2
 28140.0      6
 28200.0      8
 28260.0      8
 28320.0      3
 28380.0      5
 28440.0      8
 28500.0      5
 28560.0      8
 28620.0      2
 28680.0      5
 28740.0      8
 28800.0     13
 28860.0      6
 28920.0      3
 28980.0      8
 29040.0      5
 29100.0      5
 29160.0      5
 29220.0      5
 29280.0     12
 29340.0      5
 29400.0      4
 29460.0      6
 29520.0      4
 29580.0      9
 29640.0      1
 29700.0      8
 29760.0      7
 29820.0      2
 29880.0      2
 29940.0      3
 30000.0     14
 30060.0      4
 30120.0      7
 30180.0      8
 30240.0      4
 30300.0      4
 30360.0      2
 30420.0      4
 30480.0      4
 30540.0      2
 30600.0      8
 30660.0      4
 30720.0      7
 30780.0      5
 30840.0      4
 30900.0      7
 30960.0      4
 31020.0      8
 31080.0      2
 31140.0      5
 31200.0      3
 31260.0      6
 31320.0      3
 31380.0      4
 31440.0      7
 31500.0      5
 31560.0      2
 31620.0      3
 31680.0      2
 31740.0      4
 31860.0      2
 31920.0      3
 31980.0      4
 32040.0      2
 32100.0      2
 32160.0      6
 32220.0      3
 32280.0      3
 32340.0      3
 32400.0      7
 32460.0      6
 32520.0      5
 32580.0      5
 32640.0      4
 32700.0      3
 32760.0      4
 32820.0      9
 32880.0      3
 32940.0      6
 33000.0      5
 33060.0      4
 33120.0      2
 33180.0      4
 33240.0      4
 33300.0      5
 33360.0      6
 33420.0      3
 33480.0      2
 33540.0      4
 33600.0      3
 33660.0      2
 33720.0      2
 33780.0      4
 33840.0      2
 33900.0      4
 33960.0      2
 34020.0      4
 34080.0      2
 34140.0      2
 34200.0      3
 34260.0      3
 34320.0      1
 34380.0      3
 34440.0      5
 34500.0      3
 34560.0      2
 34620.0      6
 34680.0      3
 34740.0      1
 34800.0      1
 34860.0      2
 34920.0      5
 34980.0      6
 35040.0      2
 35160.0      3
 35220.0      4
 35280.0      4
 35340.0      1
 35400.0      4
 35460.0      6
 35640.0      6
 35700.0      2
 35760.0      1
 35820.0      5
 35880.0      2
 35940.0      2
 36000.0      9
 36060.0      1
 36120.0      3
 36180.0      1
 36300.0      2
 36420.0      2
 36480.0      1
 36540.0      1
 36600.0      3
 36660.0      2
 36720.0      2
 36780.0      2
 36840.0      5
 36900.0      2
 36960.0      3
 37020.0      1
 37080.0      2
 37140.0      1
 37200.0      5
 37260.0      5
 37320.0      2
 37380.0      1
 37440.0      3
 37500.0      2
 37560.0      7
 37620.0      1
 37680.0      2
 37740.0      3
 37800.0      5
 37860.0      3
 38040.0      2
 38160.0      2
 38220.0      1
 38280.0      4
 38400.0      4
 38460.0      2
 38520.0      2
 38580.0      1
 38640.0      2
 38760.0      2
 38820.0      4
 38880.0      4
 38940.0      4
 39000.0      6
 39060.0      2
 39120.0      1
 39180.0      3
 39240.0      3
 39300.0      3
 39360.0      4
 39420.0      3
 39480.0      3
 39600.0      2
 39660.0      1
 39720.0      2
 39840.0      2
 39900.0      2
 39960.0      4
 40020.0      1
 40080.0      1
 40200.0      2
 40260.0      3
 40320.0      2
 40380.0      1
 40440.0      2
 40500.0      2
 40620.0      2
 40680.0      1
 40740.0      1
 40800.0      2
 40860.0      4
 40920.0      1
 40980.0      1
 41160.0      1
 41400.0      2
 41460.0      3
 41520.0      3
 41580.0      2
 41640.0      1
 41700.0      4
 41760.0      3
 41820.0      3
 41880.0      1
 42000.0      3
 42060.0      2
 42120.0      3
 42180.0      2
 42240.0      2
 42300.0      3
 42360.0      2
 42420.0      1
 42480.0      4
 42600.0      4
 42660.0      1
 42720.0      2
 42780.0      1
 42840.0      2
 42900.0      2
 42960.0      1
 43020.0      1
 43080.0      3
 43140.0      2
 43200.0      1
 43260.0      2
 43320.0      2
 43440.0      1
 43500.0      6
 43560.0      3
 43800.0      2
 43860.0      1
 43920.0      1
 43980.0      2
 44100.0      1
 44160.0      1
 44220.0      1
 44340.0      1
 44400.0      1
 44460.0      1
 44580.0      3
 44640.0      1
 44940.0      1
 45000.0      4
 45120.0      1
 45240.0      1
 45300.0      1
 45360.0      3
 45480.0      1
 45600.0      2
 45900.0      1
 45960.0      1
 46080.0      2
 46140.0      2
 46200.0      1
 46500.0      1
 46560.0      1
 46620.0      2
 46740.0      3
 46800.0      2
 46860.0      1
 46920.0      1
 47040.0      2
 47100.0      3
 47160.0      1
 47220.0      2
 47280.0      2
 47700.0      1
 47760.0      2
 47880.0      1
 48000.0      1
 48120.0      1
 48180.0      1
 48240.0      1
 48300.0      3
 48600.0      1
 48660.0      1
 48840.0      1
 48960.0      2
 49080.0      2
 49200.0      1
 49260.0      1
 49320.0      1
 49380.0      1
 49440.0      2
 49500.0      5
 49560.0      1
 49680.0      2
 49740.0      1
 49800.0      2
 49920.0      2
 50160.0      1
 50280.0      1
 50340.0      1
 50460.0      1
 50520.0      1
 50580.0      2
 50700.0      1
 51000.0      3
 51120.0      1
 51180.0      1
 51240.0      2
 51300.0      1
 51420.0      2
 51480.0      1
 51540.0      2
 51720.0      1
 51780.0      1
 51900.0      1
 51960.0      1
 52080.0      2
 52140.0      1
 52200.0      1
 52380.0      1
 52440.0      2
 52500.0      1
 52680.0      1
 52800.0      1
 52860.0      1
 53160.0      1
 53220.0      1
 53280.0      1
 53460.0      2
 53520.0      2
 53700.0      1
 53760.0      1
 53880.0      1
 53940.0      1
 54000.0      2
 54120.0      1
 54180.0      1
 54240.0      1
 54300.0      1
 54360.0      1
 54480.0      1
 54660.0      2
 54720.0      1
 54780.0      2
 54900.0      1
 55140.0      2
 55260.0      2
 55380.0      2
 55440.0      1
 55620.0      1
 55740.0      1
 55800.0      1
 55860.0      1
 56100.0      1
 56280.0      2
 56340.0      1
 56400.0      1
 56460.0      1
 56640.0      1
 56760.0      1
 56820.0      2
 56940.0      1
 57300.0      3
 57600.0      1
 57660.0      1
 57720.0      1
 58020.0      1
 58080.0      1
 58140.0      1
 58200.0      1
 58260.0      1
 58620.0      1
 58800.0      1
 58980.0      1
 59040.0      1
 59220.0      3
 59460.0      1
 59520.0      1
 59580.0      1
 59760.0      2
 59940.0      1
 60240.0      1
 60420.0      2
 60780.0      1
 61260.0      1
 61320.0      1
 61380.0      1
 61500.0      1
 61620.0      1
 61980.0      1
 62400.0      2
 62820.0      1
 62880.0      1
 62940.0      3
 63000.0      1
 63120.0      1
 63180.0      1
 63360.0      1
 64020.0      1
 64140.0      1
 64380.0      2
 64680.0      1
 64920.0      1
 65280.0      1
 66000.0      1
 66120.0      1
 66240.0      1
 66480.0      2
 66720.0      1
 67020.0      1
 67560.0      2
 67680.0      2
 67800.0      2
 67860.0      1
 68220.0      2
 68400.0      2
 68940.0      1
 69060.0      1
 69360.0      1
 70140.0      1
 70560.0      1
 70740.0      1
 70860.0      1
 71160.0      1
 71220.0      1
 71340.0      1
 71520.0      1
 71700.0      1
 71880.0      1
 72060.0      1
 72180.0      1
 72300.0      1
 72540.0      1
 72600.0      1
 73020.0      1
 73440.0      1
 74400.0      1
 74520.0      1
 75240.0      1
 75420.0      1
 76080.0      1
 76380.0      1
 76920.0      1
 77340.0      1
 77580.0      1
 77760.0      1
 78120.0      2
 78720.0      1
 79140.0      1
 79200.0      1
 79440.0      1
 79500.0      1
 79920.0      1
 81180.0      1
 82320.0      1
 84000.0      1
 84420.0      1
 84600.0      1
 84840.0      1
 85140.0      1
 86040.0      1
 86340.0      1
 87720.0      1
 88440.0      1
 88680.0      1
 90300.0      1
 90540.0      1
 90780.0      1
 93540.0      1
 93720.0      1
 94260.0      1
 95820.0      1
 97200.0      1
 98220.0      1
 98400.0      1
103500.0      1
105660.0      1
107460.0      1
108300.0      1
109200.0      1
114000.0      2
114900.0      1
116220.0      1
116340.0      1
119340.0      1
120240.0      1
120960.0      1
121620.0      1
123540.0      1
124980.0      2
125100.0      1
126300.0      1
127920.0      1
128400.0      1
130140.0      2
131940.0      1
136680.0      1
137760.0      1
140160.0      1
144240.0      1
145560.0      1
146220.0      1
146520.0      1
148860.0      1
149820.0      1
154440.0      1
157320.0      1
157980.0      1
171420.0      1
177720.0      1
186480.0      1
189360.0      1
198060.0      1
235980.0      1
240000.0      1
312000.0      1
322860.0      1
329460.0      1
335880.0      2
374400.0      1
377220.0      1
578580.0      1